function [cesm_lat,cesm_lon] = cesm_lonlat

  cesm_lat = [-90.00      -88.11      -86.21      -84.32      -82.42      -80.53 ...
            -78.63      -76.74      -74.84      -72.95      -71.05      -69.16 ...
            -67.26      -65.37      -63.47      -61.58      -59.68      -57.79 ...
            -55.89      -54.00      -52.11      -50.21      -48.32      -46.42 ...
            -44.53      -42.63      -40.74      -38.84      -36.95      -35.05 ...
            -33.16      -31.26      -29.37      -27.47      -25.58      -23.68 ...
            -21.79      -19.89      -18.00      -16.11      -14.21      -12.32 ...
            -10.42      -8.526      -6.632      -4.737      -2.842     -0.9474 ...
            0.9474       2.842       4.737       6.632       8.526       10.42 ...
             12.32       14.21       16.11       18.00       19.89       21.79 ...
             23.68       25.58       27.47       29.37       31.26       33.16 ...
             35.05       36.95       38.84       40.74       42.63       44.53 ...
             46.42       48.32       50.21       52.11       54.00       55.89 ...
             57.79       59.68       61.58       63.47       65.37       67.26 ...
             69.16       71.05       72.95       74.84       76.74       78.63 ...
             80.53       82.42       84.32       86.21       88.11       90.00] ;

  cesm_lon = [0.000       2.500       5.000       7.500       10.00       12.50 ...
             15.00       17.50       20.00       22.50       25.00       27.50 ...
             30.00       32.50       35.00       37.50       40.00       42.50 ...
             45.00       47.50       50.00       52.50       55.00       57.50 ...
             60.00       62.50       65.00       67.50       70.00       72.50 ...
             75.00       77.50       80.00       82.50       85.00       87.50 ...
             90.00       92.50       95.00       97.50       100.0       102.5 ...
             105.0       107.5       110.0       112.5       115.0       117.5 ...
             120.0       122.5       125.0       127.5       130.0       132.5 ...
             135.0       137.5       140.0       142.5       145.0       147.5 ...
             150.0       152.5       155.0       157.5       160.0       162.5 ...
             165.0       167.5       170.0       172.5       175.0       177.5 ...
             180.0       182.5       185.0       187.5       190.0       192.5 ...
             195.0       197.5       200.0       202.5       205.0       207.5 ...
             210.0       212.5       215.0       217.5       220.0       222.5 ...
             225.0       227.5       230.0       232.5       235.0       237.5 ...
             240.0       242.5       245.0       247.5       250.0       252.5 ...
             255.0       257.5       260.0       262.5       265.0       267.5 ...
             270.0       272.5       275.0       277.5       280.0       282.5 ...
             285.0       287.5       290.0       292.5       295.0       297.5 ...
             300.0       302.5       305.0       307.5       310.0       312.5 ...
             315.0       317.5       320.0       322.5       325.0       327.5 ...
             330.0       332.5       335.0       337.5       340.0       342.5 ...
             345.0       347.5       350.0       352.5       355.0       357.5];

end
